1.1977 1.60291 2.37536
0.058533 0.0122304 -0.049865
0.0168805 0.0074171 -0.00583073
-0.188584 -0.181485 -0.141815
-0.045244 -0.03994 -0.022499
-0.0431019 -0.0421153 -0.0376654
0.155307 0.15568 0.161365
-0.0638864 -0.052282 -0.0260421
0.492288 0.452274 0.376647
-0.143052 -0.0102551 0.0672246
0.0795085 0.0713188 0.0444
-0.144462 -0.026723 0.0540578
0.0449257 0.0431542 0.0353315
0.135276 0.125411 0.0930926
0.0447285 0.0348026 0.0207894
0.0163713 0.0493054 0.0960279
0.0728374 0.0402704 -0.0136347
0.0194029 0.0195865 0.0167054
0.0267061 0.0371707 0.0466392
0.0170453 0.0182421 0.0230213
0.198323 0.16716 0.112732
0.037838 0.0287328 0.00697699
0.253012 0.219185 0.148002
-0.0262653 -0.018361 -0.00768565
0.152705 0.113311 0.0636658
-0.0550116 -0.00996566 -0.0023857
0.0254743 0.0186346 0.000586227
-0.0381088 -0.00700136 0.0098956
0.0180701 0.0193727 0.0138098
0.0640934 0.102565 0.101636
-0.063476 -0.0617447 -0.0480562
0.046173 0.0367111 0.0166326
-0.0141756 -0.0189983 -0.024382
-0.0164536 -0.0270897 -0.0370689
0.0550676 0.0470019 0.0296368
-0.0147747 0.00154429 0.00912627
